1,617,56,382,411,0
2,617,56,382,411,0
3,617,56,382,411,0
4,618,56,382,411,0
5,618,56,382,411,0
6,618,56,382,411,0
7,619,56,382,411,0
8,619,56,382,411,0
9,619,56,382,411,0
10,620,56,382,411,0
11,620,56,382,411,0
12,620,57,382,411,0
13,621,57,382,411,0
14,621,57,382,411,0
15,621,57,382,411,0
16,622,57,382,411,0
17,622,57,382,411,0
18,622,57,382,411,0
19,623,57,382,411,0
20,623,57,382,411,0
21,623,57,382,411,0
22,624,57,382,411,0
23,624,58,382,411,0
24,624,58,382,411,0
25,625,58,382,411,0
26,625,58,382,411,0
27,625,58,382,411,0
28,626,58,382,411,0
29,626,58,382,411,0
30,626,58,382,411,0
31,627,58,382,411,0
32,627,58,382,411,0
33,627,58,382,411,0
34,628,59,382,411,0
35,628,59,382,411,0
36,628,59,382,411,0
37,629,59,382,411,0
38,629,59,382,411,0
39,629,59,382,411,0
40,630,59,382,411,0
41,630,59,382,411,0
42,630,59,382,411,0
43,631,59,382,411,0
44,631,59,382,411,0
45,632,60,382,411,0
46,633,60,382,411,0
47,634,60,382,411,0
48,635,60,382,411,0
49,636,60,382,411,0
50,637,61,382,411,0
51,638,61,382,411,0
52,639,61,382,411,0
53,641,61,382,411,0
54,642,61,382,411,0
55,643,62,382,411,0
56,644,62,382,411,0
57,645,62,382,411,0
58,646,62,382,411,0
59,647,62,382,411,0
60,648,63,382,411,0
61,650,63,382,411,0
62,651,63,382,411,0
63,652,63,382,411,0
64,653,63,382,411,0
65,654,64,382,411,0
66,655,64,382,411,0
67,656,64,382,411,0
68,657,64,382,411,0
69,659,64,382,411,0
70,660,65,382,411,0
71,661,65,382,411,0
72,662,65,382,411,0
73,663,65,382,411,0
74,664,65,382,411,0
75,665,66,382,411,0
76,666,66,382,411,0
77,668,66,382,411,0
78,669,66,382,411,0
79,670,66,382,411,0
80,671,67,382,411,0
81,672,67,382,411,0
82,673,67,382,411,0
83,674,67,382,411,0
84,675,67,382,411,0
85,677,68,382,411,0
86,675,67,382,411,0
87,673,66,382,411,0
88,672,65,382,411,0
89,670,64,382,411,0
90,668,63,382,411,0
91,667,62,382,411,0
92,665,61,382,411,0
93,663,61,382,411,0
94,662,60,382,411,0
95,660,59,382,411,0
96,659,58,382,411,0
97,657,57,382,411,0
98,655,56,382,411,0
99,654,55,382,411,0
100,652,55,382,411,0
101,650,54,382,411,0
102,649,53,382,411,0
103,647,52,382,411,0
104,645,51,382,411,0
105,644,50,382,411,0
106,642,49,382,411,0
107,641,48,382,411,0
108,639,48,382,411,0
109,637,47,382,411,0
110,636,46,382,411,0
111,634,45,382,411,0
112,632,44,382,411,0
113,631,43,382,411,0
114,629,42,382,411,0
115,628,42,382,411,0
116,628,41,382,411,0
117,629,41,382,411,0
118,630,41,382,411,0
119,631,41,382,411,0
120,632,41,382,411,0
121,632,41,383,411,0
122,633,41,382,411,0
123,634,41,382,411,0
124,635,41,382,411,0
125,636,41,382,411,0
126,637,41,382,411,0
127,637,41,383,411,0
128,638,41,382,411,0
129,639,41,382,411,0
130,640,41,382,411,0
131,641,41,382,411,0
132,641,41,383,411,0
133,642,41,383,411,0
134,643,41,382,411,0
135,644,41,382,411,0
136,645,41,382,411,0
137,646,41,382,411,0
138,646,41,383,411,0
139,647,41,383,411,0
140,648,41,383,411,0
141,649,41,382,411,0
142,650,41,382,411,0
143,650,41,383,411,0
144,651,41,383,411,0
145,652,41,383,411,0
146,653,41,383,411,0
147,654,41,382,411,0
148,655,41,382,411,0
149,655,41,383,411,0
150,656,41,383,411,0
151,657,41,383,411,0
152,658,41,383,411,0
153,659,41,382,411,0
154,659,41,383,411,0
155,660,41,383,411,0
156,661,41,383,411,0
157,662,41,383,411,0
158,663,41,383,411,0
159,664,41,382,411,0
160,664,41,383,411,0
161,665,41,383,411,0
162,666,41,383,411,0
163,667,41,383,411,0
164,668,41,383,411,0
165,669,41,383,411,0
166,667,41,383,411,0
167,666,41,383,411,0
168,665,41,383,411,0
169,664,41,383,411,0
170,663,41,383,411,0
171,662,41,383,411,0
172,661,41,383,411,0
173,660,41,383,411,0
174,659,41,383,411,0
175,658,41,383,411,0
176,657,41,383,411,0
177,656,41,383,411,0
178,655,41,383,411,0
179,653,41,383,411,0
180,652,41,383,411,0
181,651,41,383,411,0
182,650,41,383,411,0
183,649,41,383,411,0
184,648,41,383,411,0
185,647,41,383,411,0
186,646,41,383,411,0
187,645,41,383,411,0
188,644,41,383,411,0
189,643,41,383,411,0
190,642,41,383,411,0
191,641,41,383,411,0
192,639,41,383,411,0
193,638,41,383,411,0
194,637,41,383,411,0
195,636,41,383,411,0
196,635,41,383,411,0
197,634,41,383,411,0
198,633,41,383,411,0
199,632,41,383,411,0
200,631,41,383,411,0
201,630,41,383,411,0
202,629,41,383,411,0
203,628,41,383,411,0
204,627,41,383,411,0
205,626,41,383,411,0
206,625,41,383,411,0
207,625,41,383,411,0
208,625,41,383,411,0
209,624,41,383,411,0
210,624,41,383,411,0
211,624,41,383,411,0
212,623,41,383,411,0
213,623,41,383,411,0
214,623,41,383,411,0
215,623,42,383,411,0
216,622,42,383,411,0
217,622,42,383,411,0
218,622,42,383,411,0
219,621,42,383,411,0
220,621,42,383,411,0
221,621,42,383,411,0
222,620,42,383,411,0
223,620,42,383,411,0
224,620,42,383,411,0
225,620,43,383,411,0
226,619,43,383,411,0
227,619,43,383,411,0
228,619,43,383,411,0
229,618,43,383,411,0
230,618,43,383,411,0
231,618,43,383,411,0
232,617,43,383,411,0
233,617,43,383,411,0
234,617,43,383,411,0
235,617,44,383,411,0
236,616,44,383,411,0
237,616,44,383,411,0
238,616,44,383,411,0
239,615,44,383,411,0
240,615,44,383,411,0
241,615,44,383,411,0
242,614,44,383,411,0
243,614,44,383,411,0
244,614,44,383,411,0
245,614,45,383,411,0
246,613,45,383,411,0
247,613,45,383,411,0
248,613,45,383,411,0
249,612,45,383,411,0
250,612,45,383,411,0
251,612,45,383,411,0
252,611,45,383,411,0
253,611,45,383,411,0
254,611,45,383,411,0
255,611,46,383,411,0
256,611,46,383,411,0
257,611,46,383,411,0
258,611,46,383,411,0
259,611,46,383,411,0
260,611,46,383,411,0
261,611,46,383,411,0
262,611,46,383,411,0
263,611,46,383,411,0
264,611,46,383,411,0
265,611,46,383,411,0
266,611,46,383,411,0
267,611,47,383,411,0
268,611,47,383,411,0
269,611,47,383,411,0
270,611,47,383,411,0
271,611,47,383,411,0
272,611,47,383,411,0
273,611,47,383,411,0
274,611,47,383,411,0
275,611,47,383,411,0
276,611,47,383,411,0
277,611,47,383,411,0
278,611,47,383,411,0
279,611,48,383,411,0
280,611,48,383,411,0
281,611,48,383,411,0
282,611,48,383,411,0
283,611,48,383,411,0
284,611,48,383,411,0
285,611,48,383,411,0
286,611,48,383,411,0
287,611,48,383,411,0
288,611,48,383,411,0
289,611,48,383,411,0
290,612,49,383,411,0
291,612,49,383,411,0
292,612,49,383,411,0
293,612,49,383,411,0
294,612,49,383,411,0
295,612,49,383,411,0
296,612,49,383,411,0
297,612,49,383,411,0
298,612,49,383,411,0
299,612,49,383,411,0
300,612,49,383,411,0
301,612,49,383,411,0
302,612,50,383,411,0
303,612,50,383,411,0
304,612,50,383,411,0
305,612,50,383,411,0
306,612,50,383,411,0
307,612,50,383,411,0
308,612,50,383,411,0
309,612,50,383,411,0
310,612,50,383,411,0
311,612,50,383,411,0
312,612,50,383,411,0
313,612,50,383,411,0
314,612,51,383,411,0
315,612,51,383,411,0
316,612,51,383,411,0
317,612,51,383,411,0
318,612,51,383,411,0
319,612,51,383,411,0
320,612,51,383,411,0
321,612,51,383,411,0
322,612,51,383,411,0
323,612,51,383,411,0
324,612,51,383,411,0
325,613,52,383,411,0
326,613,51,383,411,0
327,613,51,383,411,0
328,613,51,383,411,0
329,613,51,383,411,0
330,613,51,383,411,0
331,613,51,383,411,0
332,613,51,383,411,0
333,613,51,383,411,0
334,613,51,383,411,0
335,613,51,383,411,0
336,613,50,383,411,0
337,614,50,383,411,0
338,614,50,383,411,0
339,614,50,383,411,0
340,614,50,383,411,0
341,614,50,383,411,0
342,614,50,383,411,0
343,614,50,383,411,0
344,614,50,383,411,0
345,614,50,383,411,0
346,614,49,383,411,0
347,614,49,383,411,0
348,614,49,383,411,0
349,615,49,383,411,0
350,615,49,383,411,0
351,615,49,383,411,0
352,615,49,383,411,0
353,615,49,383,411,0
354,615,49,383,411,0
355,615,49,383,411,0
356,615,48,383,411,0
357,615,48,383,411,0
358,615,48,383,411,0
359,615,48,383,411,0
360,615,48,383,411,0
361,616,48,383,411,0
362,616,48,383,411,0
363,616,48,383,411,0
364,616,48,383,411,0
365,616,48,383,411,0
366,616,47,383,411,0
367,616,47,383,411,0
368,616,47,383,411,0
369,616,47,383,411,0
370,616,47,383,411,0
371,616,47,383,411,0
372,616,47,383,411,0
373,617,47,383,411,0
374,617,47,383,411,0
375,617,47,383,411,0
376,617,46,383,411,0
377,617,46,383,411,0
378,617,46,383,411,0
379,617,46,383,411,0
380,617,46,383,411,0
381,617,46,383,411,0
382,617,46,383,411,0
383,617,46,383,411,0
384,617,46,383,411,0
385,618,46,383,411,0
386,618,45,383,411,0
387,618,45,383,411,0
388,618,45,383,411,0
389,618,45,383,411,0
390,618,45,383,411,0
391,618,45,383,411,0
392,618,45,383,411,0
393,618,45,383,411,0
394,618,45,383,411,0
395,618,45,383,411,0
396,618,45,383,411,0
397,618,45,383,411,0
398,618,45,383,411,0
399,618,45,383,411,0
400,618,45,383,411,0
401,618,45,383,411,0
402,618,45,383,411,0
403,618,45,383,411,0
404,618,45,383,411,0
405,619,45,383,411,0
406,619,45,383,411,0
407,619,45,383,411,0
408,619,45,383,411,0
409,619,45,383,411,0
410,619,45,383,411,0
411,619,45,383,411,0
412,619,45,383,411,0
413,619,45,383,411,0
414,619,45,383,411,0
415,619,45,383,411,0
416,619,45,383,411,0
417,619,45,383,411,0
418,619,45,383,411,0
419,619,45,383,411,0
420,619,45,383,411,0
421,619,45,383,411,0
422,619,45,383,411,0
423,619,45,383,411,0
424,619,45,383,411,0
425,620,45,383,411,0
426,620,45,383,411,0
427,620,45,383,411,0
428,620,45,383,411,0
429,620,45,383,411,0
430,620,45,383,411,0
431,620,45,383,411,0
432,620,45,383,411,0
433,620,45,383,411,0
434,620,45,383,411,0
435,620,45,383,411,0
436,620,45,383,411,0
437,620,45,383,411,0
438,620,45,383,411,0
439,620,45,383,411,0
440,620,45,383,411,0
441,620,45,383,411,0
442,620,45,383,411,0
443,620,45,383,411,0
444,620,45,383,411,0
445,621,45,383,411,0
446,621,45,383,411,0
447,621,45,383,411,0
448,621,45,383,411,0
449,621,45,383,411,0
450,621,45,383,411,0
451,621,45,383,411,0
452,621,45,383,411,0
453,621,45,383,411,0
454,621,45,383,411,0
455,621,45,383,411,0
456,621,45,383,411,0
457,621,45,383,411,0
458,621,45,383,411,0
459,621,45,383,411,0
460,621,45,383,411,0
461,621,45,383,411,0
462,621,45,383,411,0
463,621,45,383,411,0
464,621,45,383,411,0
465,622,45,383,411,0
466,622,45,382,410,0
467,622,45,381,410,0
468,622,45,381,410,0
469,622,45,380,410,0
470,622,45,380,410,0
471,622,45,379,410,0
472,622,45,379,410,0
473,622,45,378,410,0
474,622,45,378,410,0
475,622,45,377,410,0
476,622,45,377,410,0
477,622,45,376,410,0
478,622,45,376,410,0
479,622,45,375,410,0
480,622,45,375,410,0
481,622,45,374,410,0
482,622,45,373,410,0
483,622,45,373,410,0
484,622,45,372,410,0
485,622,45,372,410,0
486,622,45,371,410,0
487,622,45,371,410,0
488,622,45,370,410,0
489,622,45,370,410,0
490,622,45,369,410,0
491,622,45,369,410,0
492,622,45,368,410,0
493,622,45,368,410,0
494,622,45,367,410,0
495,622,45,367,410,0
496,622,45,367,410,0
497,622,45,367,410,0
498,622,45,367,410,0
499,622,45,367,410,0
500,622,45,367,410,0
501,622,45,367,410,0
502,622,45,367,410,0
503,622,45,367,410,0
504,622,45,367,410,0
505,622,45,367,410,0
506,622,45,367,410,0
507,622,45,367,410,0
508,622,45,367,410,0
509,622,45,367,410,0
510,622,45,367,410,0
511,622,45,367,410,0
512,622,45,367,410,0
513,622,45,367,410,0
514,622,45,367,410,0
515,622,45,367,410,0
516,622,45,367,410,0
517,622,45,367,410,0
518,622,45,367,410,0
519,622,45,367,410,0
520,622,45,368,410,0
521,622,45,368,410,0
522,622,45,368,410,0
523,622,45,368,410,0
524,622,45,368,410,0
525,622,45,368,410,0
526,622,45,368,410,0
527,622,45,368,410,0
528,622,45,368,410,0
529,622,45,368,410,0
530,622,45,368,410,0
531,622,45,368,410,0
532,622,45,368,410,0
533,622,45,368,410,0
534,622,45,368,410,0
535,622,45,368,410,0
536,622,45,368,410,0
537,622,45,368,410,0
538,622,45,368,410,0
539,622,45,368,410,0
540,622,45,368,410,0
541,622,45,368,410,0
542,622,45,368,410,0
543,622,45,368,410,0
544,622,45,368,410,0
545,623,46,368,410,0
546,622,45,368,410,0
547,622,45,368,410,0
548,622,45,368,410,0
549,622,45,368,410,0
550,622,45,368,409,0
551,622,45,368,409,0
552,622,45,368,409,0
553,622,45,368,409,0
554,622,45,367,409,0
555,621,45,368,408,0
556,621,45,368,408,0
557,621,45,368,408,0
558,621,45,368,408,0
559,621,45,368,407,0
560,621,45,368,407,0
561,621,45,368,407,0
562,621,45,368,407,0
563,621,45,367,407,0
564,620,45,368,406,0
565,620,45,368,406,0
566,620,44,368,407,0
567,620,44,368,407,0
568,620,44,368,407,0
569,620,44,368,406,0
570,620,44,368,406,0
571,620,44,367,406,0
572,620,44,367,406,0
573,619,44,368,405,0
574,619,44,368,405,0
575,619,44,368,405,0
576,619,44,368,405,0
577,619,44,368,405,0
578,619,44,368,404,0
579,619,44,368,404,0
580,619,44,367,404,0
581,619,44,367,404,0
582,618,44,368,403,0
583,618,44,368,403,0
584,618,44,368,403,0
585,618,44,368,403,0
586,618,43,368,404,0
587,618,43,368,403,0
588,618,43,367,403,0
589,618,43,367,403,0
590,618,43,367,403,0
591,618,43,367,403,0
592,617,43,368,402,0
593,617,43,368,402,0
594,617,43,368,402,0
595,617,43,368,402,0
596,617,43,368,401,0
597,617,43,367,401,0
598,617,43,367,401,0
599,617,43,367,401,0
600,617,43,367,401,0